TIMESTAMPms	M100VFRHUDalt
532	0.981001
1079	0.971042
1628	0.928839
2164	0.903455
2554	0.888384
3087	0.882599
3696	0.878615
4025	0.875676
4574	0.832461
5121	0.825003
5529	0.821042
6060	0.802763
6594	0.797499
7141	0.78469
7532	0.765341
8082	0.773671
8613	0.769616
9163	0.762146
9710	0.735077
10053	0.694183
10603	0.672709
11182	0.65433
11526	0.651465
12074	0.64223
12624	0.65792
13155	0.667624
13702	0.637403
14031	0.673034
14641	0.697756
15172	0.684737
15719	0.683279
16047	0.683973
16594	0.659368
17142	0.682151
17550	0.73626
18083	0.800366
18631	0.838377
19023	0.861608
19538	0.860951
20071	0.828596
20618	0.832921
21102	0.838393
21650	0.84942
22197	0.789263
22557	0.818017
23088	0.833975
23621	0.790113
24215	0.758616
24560	0.738275
25110	0.720549
25641	0.73875
26190	0.752479
26645	0.762644
27193	0.764568
27538	0.773961
28072	0.795219
28635	0.796218
29120	0.789106
29575	0.792829
30091	0.828518
30638	0.825995
31044	0.829843
31578	0.833719
32125	0.828344
32675	0.828084
33112	0.859322
33644	0.887135
34176	0.916306
34739	0.950088
35083	1.01096
35614	1.03373
36209	1.0375
36552	1.03236
37056	1.04143
37555	1.04807
38102	1.04136
38649	1.02926
39185	1.01996
39733	1.05178
40077	1.04118
40609	1.05135
41141	1.05593
41567	1.05529
42082	1.0009
42632	0.954112
43167	0.93328
43575	0.951082
44106	0.902014
44654	0.906429
45205	0.944029
45579	0.929651
46128	0.919519
46675	0.948254
47219	0.996401
47578	1.01773
48109	1.00495
48656	1.03052
49234	1.09745
49594	1.10561
50125	1.08862
50627	1.13177
51176	1.13653
51723	1.11569
52051	1.1369
52584	1.1378
53133	1.13654
53728	1.10665
54075	1.08655
54624	1.08507
55160	1.10061
55550	1.11418
56099	1.16155
56647	1.21016
57182	1.21179
57560	1.21106
58123	1.21297
58655	1.21095
59251	1.1983
59751	1.17582
60095	1.2081
60704	1.20945
61221	1.20384
61567	1.19496
62118	1.19518
62654	1.20709
63187	1.20104
63750	1.2175
64081	1.16081
64676	1.15628
65208	1.16678
65696	1.18901
66092	1.17872
66645	1.17476
67168	1.16541
67575	1.14635
68140	1.13294
68660	1.14682
69163	1.17509
69602	1.18129
70150	1.18785
70683	1.20976
71235	1.2018
71580	1.19374
72163	1.18401
72701	1.18432
73252	1.20666
73645	1.22568
74130	1.22054
74692	1.20972
75227	1.22641
75607	1.20677
76154	1.19115
76702	1.18674
77236	1.18682
77599	1.1746
78132	1.14826
78665	1.13413
79202	1.12685
79612	1.10926
80145	1.11209
80680	1.09467
81091	1.0623
81628	1.07135
82178	1.03928
82711	1.04709
83262	1.03092
83640	1.00761
84189	0.994528
84739	1.01336
85228	1.0128
85782	1.03174
86127	1.03504
86675	1.05149
87225	1.06923
87760	1.08555
88141	1.0888
88690	1.09782
89225	1.11961
89778	1.13196
90123	1.12638
90656	1.14625
91197	1.17257
91610	1.18916
92130	1.19109
92678	1.18167
93213	1.18069
93609	1.19184
94156	1.20539
94752	1.21828
95239	1.19298
95631	1.17436
96185	1.16949
96706	1.17736
97254	1.15848
97614	1.14486
98167	1.13577
98701	1.12798
99279	1.1123
99623	1.09836
100170	1.09678
100721	1.07082
101254	1.06856
101599	1.07931
102134	1.04823
102731	1.05727
103280	1.04034
103612	1.03755
104144	1.029
104707	1.03882
105285	1.06225
105644	1.06134
106181	1.08856
106717	1.08321
107125	1.08531
107657	1.11059
108205	1.13158
108757	1.15108
109292	1.16624
109636	1.18888
110230	1.22592
110778	1.23993
111310	1.25393
111658	1.28827
112207	1.31742
112746	1.37087
113280	1.37753
113718	1.39058
114203	1.39348
114769	1.42303
115254	1.41113
115633	1.43362
116180	1.44111
116733	1.39699
117130	1.38255
117650	1.37563
118183	1.36254
118699	1.35611
119138	1.35251
119688	1.36213
120238	1.37055
120775	1.35197
121326	1.36293
121706	1.38499
122239	1.38731
122806	1.39991
123139	1.41402
123693	1.42829
124271	1.40986
124771	1.4359
125164	1.42303
125697	1.43875
126235	1.44416
126785	1.45328
127128	1.48003
127678	1.45194
128199	1.42245
128809	1.43405
129137	1.44205
129685	1.4225
130232	1.3963
130732	1.38557
131175	1.38418
131712	1.38247
132263	1.37123
132689	1.37033
133189	1.37032
133728	1.38214
134277	1.38442
134826	1.38458
135171	1.3842
135705	1.38458
136287	1.36855
136648	1.37257
137198	1.39497
137734	1.38081
138273	1.36912
138759	1.36858
139165	1.3774
139748	1.38924
140298	1.40217
140628	1.40298
141195	1.38938
141716	1.39385
142251	1.36388
142661	1.35999
143256	1.35853
143725	1.37135
144276	1.38501
144669	1.36712
145222	1.36337
145771	1.38489
146305	1.41153
146651	1.42894
147245	1.41782
147795	1.43644
148328	1.44175
148673	1.43128
149221	1.42562
149768	1.41838
150316	1.40228
150692	1.38323
151240	1.3771
151788	1.39337
152319	1.378
152647	1.38938
153213	1.36922
153760	1.36748
154353	1.37846
154682	1.36129
155214	1.35784
155767	1.35739
156174	1.36715
156705	1.34287
157258	1.35236
157798	1.36808
158333	1.39133
158727	1.39746
159265	1.39616
159819	1.40327
160180	1.40125
160713	1.39876
161261	1.41113
161795	1.40861
162204	1.42001
162736	1.43312
163258	1.42824
163820	1.4756
164373	1.48201
164702	1.50535
165236	1.52001
165660	1.52118
166164	1.52156
166714	1.53125
167248	1.52471
167799	1.52152
168205	1.5517
168737	1.5608
169287	1.55653
169666	1.54241
170216	1.52277
170768	1.50877
171350	1.49238
171696	1.47957
172279	1.49319
172831	1.49483
173315	1.49483
173709	1.48325
174259	1.48213
174791	1.51367
175339	1.50857
175729	1.51308
176278	1.5139
176828	1.50353
177159	1.51792
177693	1.52312
178244	1.5377
178797	1.53614
179191	1.51729
179726	1.49826
180261	1.50088
180767	1.52578
181191	1.5469
181743	1.54948
182282	1.55701
182835	1.59558
183181	1.61345
183760	1.62785
184310	1.66155
184797	1.65622
185206	1.68307
185740	1.68815
186289	1.71768
186840	1.70296
187215	1.68762
187764	1.70962
188301	1.70957
188852	1.70598
189181	1.70505
189730	1.71723
190263	1.7211
190798	1.7158
191208	1.72286
191804	1.73196
192278	1.72709
192778	1.74242
193187	1.72213
193736	1.75349
194271	1.75706
194803	1.78618
195351	1.79057
195743	1.76791
196291	1.78516
196824	1.77547
197373	1.80284
197733	1.80947
198269	1.80959
198816	1.83726
199400	1.82926
199749	1.81406
200234	1.80069
200782	1.77861
201285	1.75886
201838	1.75019
202485	1.74838
202939	1.7584
203267	1.77809
203799	1.77051
204334	1.75743
204741	1.7241
205273	1.69444
205824	1.69092
206375	1.69076
206750	1.6908
207302	1.69113
207851	1.71262
208400	1.73986
208777	1.75728
209326	1.74482
209874	1.7546
210405	1.78011
210796	1.79847
211284	1.78684
211840	1.77722
212417	1.79292
212780	1.80627
213346	1.80474
213865	1.81854
214401	1.83994
214950	1.83577
215280	1.82697
215891	1.84939
216424	1.87641
216755	1.88165
217305	1.88755
217856	1.91009
218391	1.91873
218783	1.96305
219332	1.9895
219864	1.99741
220412	2.02534
220807	2.04962
221345	2.06697
221895	2.07608
222445	2.08621
222792	2.10706
223387	2.13621
223905	2.16699
224393	2.18623
224800	2.20985
225331	2.23614
225897	2.2175
226433	2.23862
226828	2.24662
227362	2.28311
227910	2.32449
228444	2.32507
228791	2.35684
229327	2.38484
229874	2.37347
230409	2.3685
230816	2.38362
231334	2.39956
231915	2.40017
232422	2.41833
232832	2.44209
233382	2.4507
233933	2.45071
234452	2.44719
234844	2.45546
235394	2.4793
235929	2.50728
236289	2.52066
236820	2.51319
237366	2.54573
237919	2.60643
238311	2.61142
238846	2.63203
239394	2.64058
239925	2.65263
240425	2.66569
240818	2.6969
241355	2.74317
241951	2.79527
242501	2.82274
242833	2.85277
243371	2.89678
243919	2.92731
244314	2.94327
244863	2.93476
245398	2.93569
245793	2.93286
246341	2.95319
246876	2.96306
247410	2.94605
247958	2.9422
248318	2.92216
248867	2.92758
249429	2.90862
249913	2.91264
250352	2.89081
250901	2.89155
251422	2.91263
251957	2.90929
252491	2.90252
252900	2.89093
253431	2.88633
253979	2.87793
254312	2.84966
254859	2.83687
255394	2.8424
255805	2.82333
256357	2.83274
256877	2.85939
257410	2.86668
257820	2.88082
258372	2.90882
258906	2.89366
259438	2.91079
260000	2.92717
260378	2.92382
260926	2.93107
261473	2.9163
261819	2.89801
262356	2.90664
262903	2.89437
263473	2.88092
263833	2.86951
264385	2.85283
264907	2.8399
265458	2.82959
266008	2.81813
266356	2.79884
266877	2.76346
267411	2.73868
267959	2.76046
268370	2.73447
268904	2.7425
269451	2.73905
269857	2.70547
270406	2.68083
270941	2.69472
271474	2.7154
271852	2.70566
272399	2.67574
272954	2.66304
273488	2.65509
273850	2.63207
274397	2.61363
274930	2.60384
275449	2.57771
275858	2.55217
276405	2.56086
276938	2.5292
277504	2.53751
277821	2.50991
278356	2.50525
278972	2.50544
279505	2.47443
279834	2.45814
280397	2.42539
280929	2.42394
281469	2.43557
281861	2.41654
282427	2.41611
282945	2.43775
283356	2.44335
283893	2.44707
284442	2.4446
284974	2.43564
285523	2.44404
285872	2.44587
286459	2.44088
286994	2.45071
287342	2.45286
287893	2.46477
288428	2.44525
288977	2.4303
289509	2.38604
289899	2.38851
290448	2.36589
291011	2.35792
291545	2.3351
291863	2.32575
292416	2.33291
292951	2.30326
293358	2.28306
293892	2.2938
294430	2.2955
294984	2.28958
295376	2.28495
295911	2.26458
296461	2.24696
297013	2.23481
297392	2.26491
297929	2.2874
298445	2.28047
298991	2.27972
299538	2.26704
299882	2.25125
300431	2.24583
300965	2.25391
301517	2.23978
301892	2.22594
302441	2.21929
302977	2.20832
303530	2.23272
303858	2.23564
304406	2.21225
304937	2.21187
305359	2.21475
305877	2.19316
306410	2.20003
306962	2.19887
307369	2.19673
307917	2.19492
308452	2.20484
308990	2.18362
309352	2.17549
309930	2.14104
310463	2.12037
311017	2.12408
311362	2.11228
311917	2.09534
312448	2.10516
313000	2.08447
313377	2.06745
313926	2.08046
314473	2.07314
315023	2.06081
315554	2.06468
315902	2.08245
316440	2.11509
317023	2.12639
317368	2.11059
317915	2.10821
318463	2.09332
318963	2.10526
319404	2.07244
319941	2.0757
320489	2.0966
320868	2.10759
321419	2.09556
321968	2.079
322533	2.05796
323049	2.04865
323394	2.01426
323944	1.98462
324522	1.97127
324881	1.96807
325428	1.9647
325961	1.96088
326499	1.96236
326984	1.96373
327390	1.93054
327990	1.93409
328530	1.93312
329080	1.91891
329408	1.92243
329957	1.93047
330490	1.94007
330886	1.93852
331450	1.91789
331972	1.92904
332507	1.94158
332916	1.96037
333447	1.97474
334011	1.96532
334535	1.94239
334896	1.92658
335475	1.9219
336022	1.92446
336369	1.92161
336915	1.89542
337462	1.89915
337995	1.91897
338546	1.93397
338924	1.95585
339490	2.00253
340022	2.01027
340568	2.01186
340898	2.02949
341433	2.06205
341984	2.05043
342393	2.0724
342927	2.07689
343467	2.06798
344002	2.07232
344398	2.08024
344947	2.06972
345494	2.04882
346043	2.02889
346389	2.02256
346968	2.04897
347503	2.07003
348072	2.06205
348417	2.06801
348953	2.0583
349499	2.06523
350031	2.05018
350422	2.05768
350957	2.02696
351506	1.99619
352105	1.97892
352606	2.00857
352935	2.02184
353472	2.01827
353972	2.01509
354521	1.99216
354929	1.99049
355445	1.99534
355998	1.98064
356407	1.97488
356931	2.00245
357482	2.01924
358029	2.01055
358576	2.03084
358952	2.01987
359503	2.03905
360051	2.03125
360394	2.01738
360941	2.03375
361479	2.05041
362028	2.04381
362423	2.04529
362957	2.03632
363494	2.00432
364041	2.00344
364384	1.99642
364918	1.98041
365434	1.96057
365968	1.94935
366507	1.9393
366948	1.90696
367453	1.89836
368003	1.87748
368382	1.8637
368975	1.83908
369477	1.82294
370014	1.80897
370566	1.80646
370945	1.7842
371492	1.76843
372043	1.76539
372579	1.76581
372928	1.75675
373477	1.75358
374014	1.74529
374411	1.73213
374962	1.71898
375494	1.69559
376056	1.6764
376579	1.67448
376926	1.67458
377463	1.66943
378045	1.64298
378391	1.64002
378940	1.62785
379550	1.62701
380036	1.59485
380412	1.60082
380975	1.5828
381515	1.56878
382065	1.56058
382442	1.57807
382980	1.59386
383529	1.57352
384076	1.56278
384422	1.5554
384969	1.54663
385518	1.53842
386100	1.53003
386449	1.53399
386984	1.54513
387425	1.5451
388038	1.55258
388588	1.5474
388916	1.52427
389466	1.5495
390106	1.54331
390593	1.56694
390941	1.56254
391478	1.56552
392026	1.54937
392433	1.54601
392933	1.54773
393531	1.54343
393939	1.53438
394487	1.54689
395034	1.55123
395566	1.54242
395926	1.55032
396461	1.55681
397045	1.54033
397499	1.55481
398084	1.57942
398478	1.58047
398981	1.60061
399530	1.61197
400077	1.60711
400614	1.61941
400944	1.61162
401547	1.6332
402036	1.63195
402584	1.62281
402928	1.6121
403463	1.62892
404014	1.62099
404564	1.60008
404973	1.58573
405508	1.60177
406041	1.62021
406448	1.59616
406981	1.58034
407516	1.60237
408020	1.60607
408602	1.60565
408963	1.63739
409495	1.64636
410093	1.65069
410437	1.66604
410960	1.6865
411511	1.7043
412062	1.72187
412617	1.7399
412932	1.74734
413530	1.7424
414077	1.75284
414563	1.75215
414970	1.75265
415501	1.75466
416035	1.75087
416602	1.73869
416996	1.72277
417528	1.71369
418063	1.69913
418459	1.68705
419008	1.66625
419603	1.65677
420091	1.64609
420451	1.65011
421035	1.64286
421569	1.63257
421929	1.63672
422464	1.59952
422998	1.58036
423553	1.58023
424100	1.59331
424490	1.61188
425038	1.61384
425571	1.61538
426122	1.61947
426454	1.62559
426990	1.64757
427555	1.6657
428138	1.66564
428467	1.66674
429004	1.65704
429553	1.63162
430167	1.60965
430497	1.58697
431048	1.58789
431585	1.56756
431967	1.55695
432516	1.52915
433070	1.53935
433594	1.54349
434143	1.54833
434504	1.52647
435054	1.52957
435618	1.52556
435978	1.51024
436542	1.49899
437075	1.48855
437608	1.49446
438159	1.51178
438488	1.50813
439025	1.4964
439634	1.51871
440165	1.4848
440493	1.48397
441058	1.48763
441595	1.50624
441987	1.53251
442543	1.55056
443076	1.56097
443561	1.57804
444018	1.5842
444555	1.58792
445102	1.59616
445636	1.6007
446029	1.58162
446532	1.57966
447071	1.57321
447544	1.57092
448092	1.58085
448625	1.58452
449033	1.5942
449564	1.61596
450112	1.62442
450614	1.61572
451133	1.59257
451666	1.5924
451996	1.62809
452543	1.617
453095	1.59605
453504	1.5713
454035	1.56112
454567	1.54812
455068	1.54189
455509	1.53544
456058	1.51833
456593	1.50593
457147	1.48957
457543	1.4734
458077	1.46519
458614	1.45746
459164	1.44904
459512	1.44223
460044	1.44545
460598	1.45153
461151	1.46804
461517	1.46046
462065	1.45374
463466	1.44957
464015	1.45434
464562	1.43086
465063	1.40702
466129	1.33789
466522	1.33234
467058	1.33334
467610	1.31608
468568	1.28593
469135	1.25992
469669	1.2332
470012	1.24178
470593	1.23133
471148	1.23451
471494	1.22292
472028	1.22264
472578	1.18211
473133	1.18045
473665	1.16368
474058	1.1929
475015	1.22278
475661	1.23566
476022	1.22116
476589	1.2199
477078	1.2156
477641	1.21584
478032	1.21787
478568	1.22112
479115	1.22029
479505	1.19227
480052	1.17115
480586	1.18985
481135	1.21948
481483	1.22878
482068	1.24361
482604	1.2578
483155	1.26328
483503	1.24895
484055	1.27929
484572	1.25891
485029	1.28124
485563	1.28355
486097	1.30027
487133	1.27586
487666	1.27451
487998	1.28836
488533	1.30176
489128	1.30974
489518	1.32557
490050	1.33814
490598	1.31427
491008	1.32219
491543	1.33508
492096	1.29323
492636	1.29931
493031	1.30094
493565	1.29672
494112	1.31845
494659	1.32432
495003	1.28578
495540	1.27346
496485	1.26283
497006	1.25833
497555	1.23707
498091	1.2285
498622	1.23786
499184	1.25002
499515	1.25948
500062	1.25178
500641	1.22095
501205	1.19194
501536	1.18796
502068	1.199
502617	1.1674
503011	1.17672
504031	1.21238
504627	1.20366
505176	1.23132
505568	1.23011
506102	1.26407
506649	1.27564
507188	1.3829
507548	1.46839
508081	1.49022
508612	1.52438
509005	1.59322
509556	1.6056
510089	1.6056
510637	1.6056
511187	1.6056
511534	1.6056
512059	1.6056
512655	1.6056
513001	1.6056
513542	1.6056
514078	1.6056
514627	1.6056
515033	1.6056
515568	1.72443
516122	1.80827
516656	1.80827
517033	1.7976
517583	1.78792
518133	1.78908
518702	1.76672
519015	1.72791
519562	1.67782
520142	1.62407
520691	1.56429
521050	1.51168
521587	1.48141
522141	1.4174
522675	1.4028
523022	1.35103
523615	1.31421
524149	1.30592
524697	1.30169
525040	1.26905
525573	1.26836
526125	1.26288
526521	1.25253
527070	1.2477
527616	1.2152
528134	1.19661
528528	1.19451
529079	1.18464
529610	1.15639
530172	1.13447
530516	1.13979
531096	1.11841
531629	1.12671
532195	1.10694
532545	1.0744
533077	1.07088
533640	1.04907
534159	1.01449
534708	1.00705
535103	0.991059
535638	0.979344
536186	0.96306
536529	0.956794
537066	0.949655
537605	0.932223
538138	0.948712
538536	0.944253
539084	0.932558
539631	0.93701
540039	0.941963
540557	0.951483
541107	0.977492
541640	0.98318
542189	0.982827
542581	1.00037
543128	1.00244
543675	1.02321
544097	1.02144
544566	1.04265
545115	1.03917
545647	1.03982
546039	1.07089
546589	1.10945
547124	1.10869
547659	1.10487
548238	1.11238
548551	1.09677
549097	1.07427
549683	1.04201
550014	1.021
550562	1.03166
551114	1.03595
551652	1.02196
552047	1.0316
552611	1.00052
553146	0.961141
553543	0.980219
554065	0.964076
554630	0.942151
555161	0.94845
555710	0.943494
556057	0.952437
556595	0.976727
557178	0.986625
557669	1.01588
558078	1.03197
558612	1.04041
559161	1.02856
559692	1.02783
560255	1.02349
560630	1.01683
561180	1.02768
561714	1.03823
562058	1.01637
562607	1.01167
563155	1.01019
563546	1.02822
564092	1.04814
564608	1.06823
565186	1.07772
565562	1.08582
566097	1.11206
566644	1.13608
567193	1.14517
567536	1.15522
568086	1.17485
568667	1.18236
569216	1.16955
569560	1.15652
570091	1.14336
570638	1.13177
571203	1.13251
571689	1.1161
572129	1.08896
572660	1.09741
573208	1.08803
573615	1.04088
574240	1.04026
574630	1.0301
575148	1.06635
575695	1.04922
576090	1.04948
576622	1.01628
577154	0.991046
577561	0.990526
578092	0.959469
578640	0.918247
579186	0.864541
579720	0.823182
580079	0.767849
580657	0.736021
581204	0.738258
581548	0.758962
582126	0.760579
582657	0.730173
583188	0.70712
583721	0.710292
584144	0.732974
584660	0.732168
585208	0.753244
585739	0.718688
586067	0.720642
586583	0.71301
587114	0.712913
587661	0.702267
588067	0.673288
588601	0.647269
589148	0.625053
589788	0.64865
590089	0.651289
590620	0.629365
591167	0.634466
591714	0.61941
592075	0.585843
592655	0.585455
593203	0.599748
593724	0.585186
594067	0.606147
594630	0.620714
595177	0.632634
595710	0.651484
596090	0.665683
596644	0.654863
597193	0.630604
597732	0.682151
598061	0.679197
598613	0.723459
599145	0.743585
599694	0.79583
600072	0.860125
600719	0.918804
601109	0.985768
601641	1.04185
602079	1.11116
602710	1.16446
603711	1.1867
604274	1.16392
604649	1.17552
605232	1.1972
605747	1.18766
606094	1.22643
606632	1.22292
607167	1.23186
607762	1.25423
608108	1.26886
608643	1.26295
609193	1.2739
609743	1.26278
610041	1.24626
610620	1.23182
611216	1.23033
611751	1.23571
612098	1.23569
612648	1.23532
613185	1.23084
613581	1.21175
614128	1.23363
614675	1.24838
615206	1.22894
615600	1.24945
616147	1.27623
616680	1.3086
617231	1.30618
617763	1.33298
618123	1.3165
618657	1.28473
619254	1.34445
619603	1.37069
620137	1.37876
620672	1.39792
621239	1.53329
621775	1.53858
622107	1.53858
622704	1.53858
623244	1.53858
623593	1.53858
624115	1.53858
624664	1.53858
625166	1.53858
625718	1.53858
626111	1.53858
626675	1.53858
627191	2.09842
627587	2.99316
628091	2.99316
628639	3.39734
629172	5.72986
629751	6.68297
630283	7.55572
630626	7.68042
631161	7.68042
631708	7.68042
632101	7.68042
632667	7.68042
633189	7.68042
633729	7.68042
634202	7.68042
634614	7.68042
635146	7.68042
635742	15.3414
636089	19.3576
636620	20.9743
637169	20.9993
637717	20.9993
638123	20.9993
638641	20.9993
639203	20.9993
639580	20.9993
640133	20.9993
640670	20.9993
641224	20.9993
641746	20.9993
642108	20.9993
642663	20.9993
643246	20.9993
643783	20.9993
644129	20.9993
644614	20.9993
645121	20.9993
645671	20.9993
646224	20.9993
646764	20.9993
647093	20.9993
647723	20.9993
648288	20.9993
648617	20.9993
649163	20.9993
649697	20.9993
650200	20.9993
650607	20.9993
651143	20.9993
651694	20.9993
652196	20.9993
653141	20.9993
653676	20.9993
655188	20.9993
655580	20.9993
656192	20.9993
658201	20.9993
659118	20.9993
659595	20.9993
660084	20.9993
660697	20.9993
661259	20.9993
661589	20.9993
662716	47.2038
663124	47.2038
663739	47.2038
664240	47.2038
664695	47.2038
665195	47.2038
665681	47.2038
666186	47.2038
666595	47.2038
667131	47.2038
667685	47.2038
668271	47.2038
668771	47.2038
669181	47.2038
669720	47.2038
670177	47.2038
670740	47.2038
671181	47.2038
671733	47.2038
672285	47.2038
672665	47.2038
673171	47.2038
673711	47.2038
674107	47.2038
674643	47.2038
675177	47.2038
675681	47.2038
676184	49.7559
676684	57.0191
677200	57.0191
677693	57.0191
678260	57.0191
678760	57.0191
679135	57.0191
679653	57.0191
680142	57.0191
680691	57.0191
681198	57.0191
681752	57.0191
682271	57.0191
682666	57.9138
683156	57.8384
683723	57.6734
684211	57.6734
684789	57.6734
685227	57.6734
685603	57.6734
686142	57.6734
686692	57.6734
687086	57.6734
687636	57.6734
688096	57.6734
688604	57.6734
689143	57.6734
689646	57.6734
690196	57.6734
690587	57.0338
691200	56.7265
691707	56.7265
692286	56.7265
692676	56.7265
693133	56.7265
693603	56.7265
694076	56.7265
694701	56.7265
696621	56.7265
697159	56.7265
697694	56.7265
698196	56.7265
698681	56.7265
699181	56.7265
699699	56.7265
700167	56.7265
700652	56.7265
701205	56.7265
701647	56.7265
702150	56.7265
703195	56.7265
703654	56.7265
704116	56.7265
704695	56.7265
705195	56.7265
705712	56.7265
706218	56.7265
706661	56.7265
707275	56.7265
707603	56.7265
708106	56.7265
708669	56.7265
709142	56.7265
709690	56.7265
710085	56.7265
711140	56.7265
712086	56.7265
712571	56.7265
713074	56.7265
715711	56.7265
716118	58.9901
716605	59.2509
718128	55.5112
718648	54.2781
719117	53.1577
719680	52.0091
720242	50.817
720743	49.834
721243	49.3179
721743	49.3179
722165	49.3179
722668	49.3179
723174	49.3179
723706	49.3179
724159	43.5528
724644	42.0898
725144	41.1516
725598	40.1338
726145	39.2037
726601	38.4482
727720	36.7974
728191	36.0081
728650	35.0366
729139	34.1681
729623	33.4968
730158	32.8512
730598	32.8512
731198	32.8512
731706	31.6137
732206	30.2344
732753	29.8507
733196	29.8507
733794	29.8507
734127	29.8507
734646	29.8507
735148	29.8507
735604	29.8507
736156	29.8507
736689	29.8507
737242	29.8507
737635	29.8507
738235	29.8507
738693	29.8507
739163	29.8507
739712	29.8507
740244	29.8507
740760	29.8507
741121	29.8507
741655	29.8507
742159	29.8507
742659	28.9529
743191	28.8478
743740	29.3662
744224	29.9174
744630	30.6879
745133	31.4595
745632	32.0279
746181	32.4148
746731	32.4148
747121	32.4148
747734	32.4148
748129	32.4148
748709	32.4148
749213	32.4148
749749	32.4148
750140	32.4148
750642	32.4148
751142	32.4148
751643	32.4148
752161	32.4148
752646	32.4148
753147	32.4148
753697	32.4148
754245	32.4148
754640	32.4148
755173	32.4148
755705	32.4148
756306	32.4148
756747	32.4148
757234	32.4148
757725	32.4148
758135	32.4148
758660	32.4148
759210	32.4148
759758	32.4148
760201	32.4148
760708	32.4148
761150	32.4148
761685	32.4148
762235	32.4148
762775	32.4148
763139	32.4148
763723	32.4148
764262	32.4148
764798	32.4148
765162	32.4148
765697	32.4148
766250	32.4148
766789	32.4148
767184	32.4148
767705	32.4148
768212	32.4148
768722	32.4148
769277	32.4148
769702	32.4148
770302	32.4148
770726	32.4148
771187	32.4148
771694	32.4148
772212	32.4148
772641	32.4148
773146	32.4148
773640	32.4148
774112	32.4148
774604	32.4148
775726	32.4148
778628	32.4148
779177	32.4148
779666	32.4148
780196	32.4148
780612	32.4148
781206	32.4148
782614	32.4148
783141	32.4148
783655	32.4148
784124	32.4148
784715	32.4148
785243	32.4148
785651	32.4148
786190	32.4148
786743	32.4148
787279	32.4148
787628	32.4148
788163	32.4148
788749	32.4148
789281	32.4148
789647	32.4148
790188	32.4148
790740	32.4148
791228	32.4148
791729	26.8635
792277	22.0757
792620	18.9303
793151	18.6648
793699	18.734
794298	18.9233
794798	19.35
795142	19.6197
795691	19.8716
796213	19.8716
796622	19.8716
797204	19.8716
797660	19.8716
798162	19.8716
798623	19.8716
799299	19.8716
799752	23.0635
800253	23.0635
800743	23.0635
801309	23.0635
801747	23.0635
802268	23.0635
802646	23.0635
803199	23.0635
803686	23.0635
804251	23.0635
804786	23.0635
805117	23.0635
805682	23.0635
806219	23.0635
806738	23.0635
807146	23.0635
807732	23.0635
808189	23.0635
808727	23.0635
809750	23.0635
810144	23.0635
810692	23.0635
811180	23.0635
811747	23.0635
812287	23.0635
812795	23.0635
813304	23.0635
813649	23.0635
814157	23.0635
815211	23.0635
817135	23.0635
821121	23.0635
822115	23.0635
823122	23.0635
824117	23.0635
827152	23.0635
827635	23.0635
828697	23.0635
829794	23.0635
832107	23.0635
833158	23.0635
833730	23.0635
834241	23.0635
834642	23.0635
835201	23.0635
835750	23.0635
836708	23.0635
837671	23.0635
838220	23.0635
838709	23.0635
839651	23.0635
840327	23.0635
840660	23.0635
841164	16.3034
841698	13.0568
842170	11.9569
842718	nan
843306	nan
843635	nan
844153	nan
844688	nan
845228	nan
845668	nan
846173	nan
846678	nan
847217	nan
847719	nan
848269	nan
848769	nan
849227	nan
849732	nan
850127	nan
850629	nan
851182	nan
851719	nan
852253	nan
852807	nan
853139	nan
853675	nan
854284	nan
854628	nan
855145	nan
855708	nan
856192	nan
856664	nan
857200	nan
857720	nan
858204	nan
858769	nan
859160	nan
859629	nan
860208	nan
860740	nan
861303	nan
861647	nan
862197	nan
862731	nan
863281	nan
863659	nan
864207	nan
864740	nan
865240	nan
865790	nan
866122	nan
866671	nan
867204	nan
867628	nan
868152	nan
868688	nan
869235	nan
869643	nan
870127	nan
870695	nan
871232	nan
871768	nan
872254	nan
872661	nan
873244	nan
873780	nan
874130	nan
874762	nan
875138	nan
875688	nan
876237	nan
876773	nan
877104	nan
877651	nan
878249	nan
878796	nan
879126	nan
879674	nan
880222	nan
880769	nan
881165	nan
881759	nan
882157	nan
882707	nan
883272	nan
883787	nan
884178	nan
884714	nan
885278	nan
885779	nan
886327	nan
886660	nan
887212	nan
887747	nan
888297	nan
888687	nan
889172	nan
889721	nan
890222	nan
890723	nan
891321	nan
891649	nan
892183	nan
892699	nan
893188	nan
893737	nan
894132	nan
894680	nan
895180	nan
895696	nan
896229	nan
896779	nan
897267	nan
897785	nan
898134	nan
898684	nan
899156	nan
899672	nan
900175	nan
900725	nan
901272	nan
901759	nan
902120	nan
902670	nan
903190	nan
903690	nan
904237	nan
904644	nan
905253	nan
905693	nan
906210	nan
906637	nan
907185	nan
907722	nan
908273	nan
908637	nan
909217	nan
909748	nan
910248	nan
910704	nan
911300	nan
911644	nan
912148	nan
912664	nan
913195	nan
913697	nan
914197	nan
914744	nan
915291	nan
915619	nan
916122	nan
916669	nan
917205	nan
917706	nan
918222	nan
918770	nan
919161	nan
919661	nan
920209	nan
920742	nan
921294	nan
921799	nan
922127	nan
922632	nan
923185	nan
923763	nan
924264	nan
924672	nan
925206	nan
925753	nan
926305	nan
926638	nan
927174	nan
927714	nan
928262	nan
928639	nan
929158	nan
929649	nan
930197	nan
930728	nan
931139	nan
931679	nan
932244	nan
932763	nan
933314	nan
933689	nan
934192	nan
934738	nan
935271	nan
935790	nan
936296	nan
936640	nan
937191	nan
937680	nan
938230	nan
938781	nan
939268	nan
939647	nan
940211	nan
940743	nan
941135	nan
941673	nan
942212	nan
942746	nan
943264	nan
943657	nan
944204	nan
944736	nan
945301	nan
945647	nan
946227	nan
946731	nan
947266	nan
947799	nan
948159	nan
948705	nan
949440	nan
949800	nan
950128	nan
950707	nan
951270	nan
951819	nan
952147	nan
952680	nan
953232	nan
953639	nan
954172	nan
954705	nan
955205	nan
955642	nan
956190	nan
956739	nan
957286	nan
957630	nan
958208	nan
958740	nan
959303	nan
959647	nan
960194	nan
960756	nan
961271	nan
961663	nan
962194	nan
962756	nan
963287	nan
963633	nan
964164	nan
964712	nan
965305	nan
965649	nan
966182	nan
966730	nan
967125	nan
967673	nan
968221	nan
968722	nan
969269	nan
969817	nan
970193	nan
970741	nan
971274	nan
971635	nan
972170	nan
972779	nan
973279	nan
973653	nan
974200	nan
974732	nan
975278	nan
975622	nan
976170	nan
976701	nan
977264	nan
977655	nan
978170	nan
978733	nan
979217	nan
979670	nan
980280	nan
980749	nan
981299	nan
981690	nan
982222	nan
982760	nan
983308	nan
983652	nan
984200	nan
984733	nan
985126	nan
985684	nan
986216	nan
986762	nan
987248	nan
987639	nan
988186	nan
988784	nan
989129	nan
989663	nan
990198	nan
990745	nan
991137	nan
991685	nan
992234	nan
992626	nan
993128	nan
993676	nan
994209	nan
994711	nan
995264	nan
995873	nan
996155	nan
996689	nan
997237	nan
997785	nan
998165	nan
998718	nan
999252	nan
999800	nan
1000128	nan
1000706	nan
1001221	nan
1001753	nan
1002143	nan
1002706	nan
1003237	nan
1003643	nan
1004174	nan
1004674	nan
1005284	nan
1005846	nan
1006331	nan
1006707	nan
1007254	nan
1007785	nan
1008144	nan
1008676	nan
1009238	nan
1009785	nan
1010160	nan
1010754	nan
1011301	nan
1011863	nan
1012113	nan
1012660	nan
1013208	nan
1013615	nan
1014147	nan
1014726	nan
1015241	nan
1015632	nan
1016165	nan
1016729	nan
1017260	nan
1017635	nan
1018213	nan
1018729	nan
1019291	nan
1019635	nan
1020166	nan
1020713	nan
1021323	nan
1021635	nan
1022198	nan
1022730	nan
1023277	nan
1023826	nan
1024141	nan
1024766	nan
1025297	nan
1025625	nan
1026172	nan
1026734	nan
1027250	nan
1027703	nan
1028203	nan
1028734	nan
1029172	nan
1029703	nan
1030250	nan
1030781	nan
1031313	nan
1031656	nan
1032189	nan
1032829	nan
1033126	nan
1033677	nan
1034209	nan
1034742	nan
1035244	nan
1035837	nan
1036134	nan
1036681	nan
1037292	nan
1037828	nan
1038157	nan
1038705	nan
1039252	nan
1039642	nan
1040189	nan
1040720	nan
1041111	nan
1041673	nan
1042220	nan
1042736	nan
1043330	nan
1043658	nan
1044173	nan
1044767	nan
1045252	nan
1045658	nan
1046236	nan
1046752	nan
1047299	nan
1047627	nan
1048238	nan
1048801	nan
1049255	nan
1049645	nan
1050178	nan
1050724	nan
1051146	nan
1051678	nan
1052209	nan
1052740	nan
1053162	nan
1053740	nan
1054271	nan
1054787	nan
1055131	nan
1055695	nan
1056259	nan
1056790	nan
1057152	nan
1057686	nan
1058234	nan
1058781	nan
1059141	nan
1059690	nan
1060253	nan
1060802	nan
1061114	nan
1061663	nan
1062214	nan
1062622	nan
1063155	nan
1063703	nan
1064234	nan
1064641	nan
1065234	nan
1065719	nan
1066344	nan
1066656	nan
1067190	nan
1067737	nan
1068286	nan
1068632	nan
1069182	nan
1069714	nan
1070292	nan
1070636	nan
1071199	nan
1071731	nan
1072282	nan
1072627	nan
1073175	nan
1073706	nan
1074300	nan
1074644	nan
1075175	nan
1075784	nan
1076331	nan
1076706	nan
1077206	nan
1077753	nan
1078128	nan
1078706	nan
1079206	nan
1079784	nan
1080302	nan
1080662	nan
1081224	nan
1081802	nan
1082130	nan
1082693	nan
1083240	nan
1083757	nan
1084367	nan
1084648	nan
1085242	nan
1085726	nan
1086273	nan
1086820	nan
1087151	nan
1087760	nan
1088228	nan
1088697	nan
1089197	nan
1089775	nan
1090119	nan
1090666	nan
1091198	nan
1091792	nan
1092323	nan
1092698	nan
1093245	nan
1093792	nan
1094136	nan
1094698	nan
1095214	nan
1095733	nan
1096343	nan
1096641	nan
1097219	nan
1097766	nan
1098313	nan
1098643	nan
1099177	nan
1099729	nan
1100141	nan
1100703	nan
1101265	nan
1101750	nan
1102187	nan
1102703	nan
1103267	nan
1103798	nan
1104126	nan
1104720	nan
1105298	nan
1105829	nan
1106188	nan
1106704	nan
1107267	nan
1107767	nan
1108158	nan
1108690	nan
1109254	nan
1109787	nan
1110131	nan
1110664	nan
1111212	nan
1111622	nan
1112140	nan
1112687	nan
1113298	nan
1113642	nan
1114174	nan
1114721	nan
1115270	nan
1115662	nan
1116198	nan
1116732	nan
1117279	nan
1117638	nan
1118169	nan
1118720	nan
1119301	nan
1119645	nan
1120129	nan
1120691	nan
1121225	nan
1121775	nan
1122107	nan
1122658	nan
1123206	nan
1123801	nan
1124130	nan
1124663	nan
1125211	nan
1125758	nan
1126164	nan
1126702	nan
1127250	nan
1127781	nan
1128174	nan
1128722	nan
1129253	nan
1129803	nan
1130151	nan
1130697	nan
1131246	nan
1131624	nan
1132171	nan
1132707	nan
1133269	nan
1133801	nan
1134131	nan
1134679	nan
1135277	nan
1135762	nan
1136153	nan
1136704	nan
1137252	nan
1137644	nan
1138177	nan
1138728	nan
1139119	nan
1139665	nan
1140197	nan
1140745	nan
1141295	nan
1141642	nan
1142176	nan
1142739	nan
1143303	nan
1143852	nan
1144399	nan
1144743	nan
1145273	nan
1145822	nan
1146400	nan
1146759	nan
1147308	nan
1147841	nan
1148911	nan
1149428	nan
1149818	nan
1150381	nan
1150991	nan
1151351	nan
1151804	nan
1152353	nan
1152947	nan
1153290	nan
1153841	nan
1154372	nan
1154794	nan
1155309	nan
1155856	nan
1156450	nan
1156951	nan
1157295	nan
1157875	nan
1158422	nan
1158767	nan
1159299	nan
1159846	nan
1160398	nan
1160948	nan
1161312	nan
1161890	nan
1162407	nan
1162751	nan
1163331	nan
1163924	nan
1164283	nan
1164802	nan
1165335	nan
1165890	nan
1166283	nan
1166819	nan
1167374	nan
1167909	nan
1168303	nan
1168840	nan
1169389	nan
1169920	nan
1170280	nan
1170819	nan
1171366	nan
1171756	nan
1172303	nan
1172839	nan
1173388	nan
1173940	nan
1174254	nan
1174802	nan
1175397	nan
1175947	nan
1176278	nan
1176818	nan
1177356	nan
1177766	nan
1178301	nan
1178867	nan
1179388	nan
1179778	nan
1180326	nan
1180866	nan
1181415	nan
1181762	nan
1182302	nan
1182839	nan
1183438	nan
1183783	nan
1184316	nan
1184862	nan
1185412	nan
1185743	nan
1186275	nan
1186873	nan
1187423	nan
1187752	nan
1188303	nan
1188840	nan
1189394	nan
1189789	nan
1190325	nan
1190816	nan
1191255	nan
1191821	nan
1192340	nan
1192889	nan
1193441	nan
1193786	nan
1194369	nan
1194902	nan
1195262	nan
1195794	nan
1196341	nan
1196872	nan
1197438	nan
1197817	nan
1198350	nan
1198899	nan
1199243	nan
1199774	nan
1200324	nan
1200845	nan
1201268	nan
1201784	nan
1202337	nan
1202749	nan
1203302	nan
1203821	nan
1204371	nan
1204905	nan
1205252	nan
1205833	nan
1206385	nan
1206921	nan
1207269	nan
1207824	nan
1208363	nan
1208901	nan
1209298	nan
1209834	nan
1210376	nan
1210910	nan
1211257	nan
1211799	nan
1212337	nan
1212761	nan
1213298	nan
1213817	nan
1214368	nan
1214760	nan
1215313	nan
1215833	nan
1216399	nan
1216777	nan
1217317	nan
1217851	nan
1218401	nan
1218764	nan
1219298	nan
1219834	nan
1220432	nan
1220761	nan
1221314	nan
1221865	nan
1222390	nan
1222883	nan
1223278	nan
1223834	nan
1224419	nan
1224763	nan
1225300	nan
1225840	nan
1226330	nan
1226770	nan
1227338	nan
1227859	nan
1228254	nan
1228791	nan
1229345	nan
1229880	nan
1230442	nan
1230788	nan
1231320	nan
1231903	nan
1232249	nan
1232800	nan
1233336	nan
1233887	nan
1234424	nan
1234769	nan
1235362	nan
1235910	nan
1236448	nan
1236781	nan
1237321	nan
1237860	nan
1238256	nan
1238819	nan
1239324	nan
1239895	nan
1240272	nan
1240827	nan
1241365	nan
1241919	nan
1242268	nan
1242804	nan
1243386	nan
1243939	nan
1244274	nan
1244823	nan
1245359	nan
1245911	nan
1246239	nan
1246834	nan
1247386	nan
1247926	nan
1248255	nan
1248807	nan
1249354	nan
1249888	nan
1250287	nan
1250822	nan
1251361	nan
1251771	nan
1252294	nan
1252848	nan
1253399	nan
1253935	nan
1254314	nan
1254864	nan
1255418	nan
1255765	nan
1256297	nan
1256848	nan
1257385	nan
1257778	nan
1258328	nan
1258865	nan
1259417	nan
1259747	nan
1260267	nan
1260834	nan
1261353	nan
1261749	nan
1262301	nan
1262854	nan
1263246	nan
1263785	nan
1264322	nan
1264874	nan
1265421	nan
1265802	nan
1266352	nan
1266886	nan
1267437	nan
1267785	nan
1268325	nan
1268873	nan
1269253	nan
1269803	nan
1270334	nan
1270883	nan
1271436	nan
1271771	nan
1272310	nan
1272896	nan
1273245	nan
1273799	nan
1274319	nan
1274870	nan
1275262	nan
1275811	nan
1276361	nan
1276741	nan
1277281	nan
1277830	nan
1278368	nan
1278919	nan
1279265	nan
1279812	nan
1280391	nan
1280928	nan
1281275	nan
1281825	nan
1282379	nan
1282915	nan
1283245	nan
1283797	nan
1284378	nan
1284881	nan
1285259	nan
1285812	nan
1286347	nan
1286756	nan
1287307	nan
1287831	nan
1288385	nan
1288778	nan
1289310	nan
1289861	nan
1290413	nan
1290762	nan
1291300	nan
1291866	nan
1292415	nan
1292762	nan
1293312	nan
1293860	nan
1294408	nan
1294944	nan
1295323	nan
1295872	nan
1296424	nan
1296752	nan
1297304	nan
1297837	nan
1298340	nan
1298777	nan
1299313	nan
1299847	nan
1300259	nan
1300793	nan
1301345	nan
1301881	nan
1302386	nan
1302814	nan
1303353	nan
1303906	nan
1304257	nan
1304789	nan
1305344	nan
1305867	nan
1331189	0
1331738	0
1332254	0
1332664	0
1333395	0
1333730	0
1334260	0
1334681	0
1335225	0
1335753	0
1336306	0
1336791	0
1337241	0
1337789	0
1338315	0
1338654	0
1339210	0
1339747	0
1340299	0
1340679	0
1341213	0
1341777	0
1342316	0
1342647	0
1343199	0
1343738	0
1344275	0
1344655	0
1345223	0
1345761	0
1346170	0
1346703	0
1347241	0
1347776	0
1348171	0
1348708	0
1349261	0
1349798	0
1350333	0
1350697	0
1351231	0
1351782	0
1352175	0
1352714	0
1353252	0
1353805	0
1354328	0
1354675	0
1355212	0
1355810	0
1356155	0
1356689	0
1357241	0
1357776	0
1358171	0
1358724	0
1359247	0
1359790	0
1360199	0
1360721	0
1361271	0
1361823	0
1362171	0
1362711	0
1363291	0
1363828	0
1364177	0
1364729	0
1365279	0
1365834	0
1366369	0
1366745	0
1367280	0
1367833	0
1368163	0
1368714	0
1369251	0
1369803	0
1370213	0
1370719	0
1371272	0
1371668	0
1372205	0
1372772	0
1373292	0
1373859	0
1374190	0
1374775	0
1375311	0
1375659	0
1376209	0
1376744	0
1377294	0
1377845	0
1378226	0
1378775	0
1379313	0
1379866	0
1380196	0
1380735	0
1381270	0
1381679	0
1382201	0
1382755	0
1383292	0
1383687	0
1384240	0
1384791	0
1385328	0
1385724	0
1386263	0
1386799	0
1387334	0
1387694	0
1388234	0
1388788	0
1389169	0
1389706	0
1390259	0
1390781	0
1391333	0
1391663	0
1392217	0
1392819	0
1393353	0
1393685	0
1394240	0
1394758	0
1395171	0
1395709	0
1396277	0
1396813	0
1397191	0
1397728	0
1398278	0
1398829	0
1399159	0
1399710	0
1400263	0
1400831	0
1401179	0
1401729	0
1402263	0
1402816	0
1403162	0
1403699	0
1404284	0
1404776	0
1405173	0
1405709	0
1406261	0
1406655	0
1407191	0
1407744	0
1408264	0
1408675	0
1409212	0
1409746	0
1410297	0
1410784	0
1411192	0
1411773	0
1412312	0
1412675	0
1413212	0
1413748	0
1414302	0
1414777	0
1415171	0
1415787	0
1416324	0
1416654	0
1417192	0
1417730	0
1418234	0
1418675	0
1419225	0
1419760	0
1420156	0
1420692	0
1421242	0
1421794	0
1422314	0
1422680	0
1423264	0
1423803	0
1424151	0
1424701	0
1425222	0
1425789	0
1426327	0
1426722	0
1427258	0
1427795	0
1428350	0
1428665	0
1429219	0
1429769	0
1430164	0
1430684	0
1431232	0
1431783	0
1432179	0
1432720	0
1433257	0
1433810	0
1434204	0
1434741	0
1435276	0
1435829	0
1436177	0
1436729	0
1437265	0
1437799	0
1438208	0
1438745	0
1439282	0
1439818	0
1440358	0
1440688	0
1441240	0
1441838	0
1442173	0
1442709	0
1443259	0
1443791	0
1444203	0
1444737	0
1445290	0
1445669	0
1446220	0
1446755	0
1447293	0
1447860	0
1448192	0
1448742	0
1449312	0
1449675	0
1450214	0
1450769	0
1451308	0
1451842	0
1452186	0
1452772	0
1453309	0
1453657	0
1454196	0
1454731	0
1455283	0
1455675	0
1456231	0
1456751	0
1457301	0
1457695	0
1458231	0
1458797	0
1459320	0
1459667	0
1460175	0
1460724	0
1461259	0
1461854	0
1462201	0
1462738	0
1463276	0
1463829	0
1464159	0
1464697	0
1465295	0
1465848	0
1466196	0
1466717	0
1467269	0
1467662	0
1468215	0
1468752	0
1469288	0
1469682	0
1470234	0
1470770	0
1471310	0
1471672	0
1472209	0
1472793	0
1473331	0
1473692	0
1474228	0
1474781	0
1475320	0
1475870	0
1476249	0
1476787	0
1477339	0
1477669	0
1478204	0
1478707	0
1479259	0
1479655	0
1480193	0
1480743	0
1481232	0
1481672	0
1482223	0
1482758	0
1483309	0
1483800	0
1484166	0
1484704	0
1485256	0
1485840	0
1486188	0
1486722	0
1487273	0
1487811	0
1488155	0
1488674	0
1489285	0
1489837	0
1490169	0
1490703	0
1491256	0
1491649	0
1492200	0
1492751	0
1493272	0
1493668	0
1494219	0
1494756	0
1495312	0
1495852	0
1496199	0
1496765	0
1497313	0
1497676	0
1498212	0
1498762	0
1499298	0
1499788	0
1500231	0
1500781	0
1501317	0
1501664	0
1502200	0
1502738	0
1503273	0
1503699	0
1504218	0
1504755	0
1505163	0
1505697	0
1506248	0
1506798	0
1507179	0
1507683	0
1508267	0
1508819	0
1509167	0
1509702	0
1510239	0
1510789	0
1511185	0
1511720	0
1512270	0
1512807	0
1513154	0
1513674	0
1514241	0
1514778	0
1515173	0
1515708	0
1516248	0
1516750	0
1517193	0
1517728	0
1518279	0
1518826	0
1519205	0
1519759	0
1520297	0
1520802	0
1521304	0
1521651	0
1522203	0
1522738	0
1523279	0
1523827	0
1524204	0
1524753	0
1525306	0
1525843	0
1526193	0
1526713	0
1527263	0
1527766	0
1528177	0
1528713	0
1529251	0
1529738	0
1530180	0
1530732	0
1531268	0
1531820	0
1532168	0
1532706	0
1533304	0
1533826	0
1534186	0
1534742	0
1535260	0
1535813	0
1536301	0
1536745	0
1537284	0
1537835	0
1538165	0
1538668	0
1539218	0
1539663	0
1540230	0
1540766	0
1541253	0
1541662	0
1542216	0
1542755	0
1543262	0
1543798	0
1544289	0
1544684	0
1545266	0
1545832	0
1546177	0
1546713	0
1547247	0
1547799	0
1548335	0
1548713	0
1549280	0
1549813	0
1550159	0
1550699	0
1551236	0
1551786	0
1552181	0
1552716	0
1553250	0
1553801	0
1554195	0
1554747	0
1555282	0
1555840	0
1556217	0
1556752	0
1557306	0
1557797	0
1558189	0
1558740	0
1559276	0
1559827	0
1560205	0
1560770	0
1561308	0
1561843	0
1562191	0
1562681	0
1563217	0
1563737	0
1564229	0
1564733	0
1565286	0
1565665	0
1566220	0
1566755	0
1567306	0
1567684	0
1568236	0
1568774	0
1569325	0
1569671	0
1570225	0
1570760	0
1571345	0
1571691	0
1572242	0
1572779	0
1573329	0
1573661	0
1574199	0
1574780	0
1575346	0
1575677	0
1576210	0
1576762	0
1577172	0
1577708	0
1578244	0
1578794	0
1579187	0
1579723	0
1580278	0
1580783	0
1581307	0
1581668	0
1582207	0
1582745	0
1583284	0
1583675	0
1584227	0
1584777	0
1585297	0
1585852	0
1586182	0
1586733	0
1587269	0
1587664	0
1588201	0
1588738	0
1589165	0
1589686	0
1590239	0
1590791	0
1591172	0
1591704	0
1592257	0
1592795	0
1593284	0
1593696	0
1594233	0
1594813	0
1595367	0
1595715	0
1596252	0
1596786	0
1597340	0
1597674	0
1598258	0
1598809	0
1599154	0
1599694	0
1600247	0
1600787	0
1601183	0
1601715	0
1602255	0
1602761	0
1603184	0
1603753	0
1604276	0
1604841	0
1605186	0
1605754	0
1606309	0
1606656	0
1607193	0
1607742	0
1608280	0
1608831	0
1609211	0
1609761	0
1610296	0
1610853	0
1611183	0
1611717	0
1612270	0
1612680	0
1613203	0
1613743	0
1614281	0
1614675	0
1615225	0
1615765	0
1616316	0
1616662	0
1617245	0
1617782	0
1618333	0
1618679	0
1619227	0
1619764	0
1620319	0
1620713	0
1621247	0
1621797	0
1622334	0
1622665	0
1623200	0
1623754	0
1624338	0
1624672	0
1625239	0
1625727	0
1626170	0
1626706	0
1627259	0
1627809	0
1628203	0
1628740	0
1629272	0
1629822	0
1630171	0
1630724	0
1631259	0
1631842	0
1632190	0
1632725	0
1633281	0
1633819	0
1634165	0
1634700	0
1635285	0
1635837	0
1636169	0
1636720	0
1637255	0
1637668	0
1638205	0
1638742	0
1639295	0
1639675	0
1640224	0
1640776	0
1641312	0
1641658	0
1642210	0
1642780	0
1643271	0
1643822	0
1644231	0
1644770	0
1645307	0
1645857	0
1646189	0
1646787	0
1647324	0
1647673	0
1648211	0
1648749	0
1649298	0
1649695	0
1650250	0
1650775	0
1651215	0
1651751	0
1652270	0
1652723	0
1653273	0
1653823	0
1654171	0
1654690	0
1655241	0
1655831	0
1656191	0
1656724	0
1657277	0
1657829	0
1658149	0
1658680	0
1659293	0
1659826	0
1660156	0
1660692	0
1661208	0
1661740	0
1662287	0
1662680	0
1663243	0
1663790	0
1664165	0
1664712	0
1665258	0
1665743	0
1666290	0
1666853	0
1667196	0
1667728	0
1668274	0
1668681	0
1669165	0
1669712	0
1670259	0
1670806	0
1671337	0
1671682	0
1672218	0
1672770	0
1673161	0
1673684	0
1674249	0
1674783	0
1675194	0
1675713	0
1676269	0
1676805	0
1677198	0
1677746	0
1678280	0
1678846	0
1679175	0
1679724	0
1680256	0
1680850	0
1681292	0
1681703	0
1682236	0
1682787	0
1683322	0
1683666	0
1684200	0
1684751	0
1685158	0
1685675	0
1686226	0
1686774	0
1687168	0
1687717	0
1688251	0
1688801	0
1689194	0
1689729	0
1690262	0
1690827	0
1691360	0
1691721	0
1692238	0
1692787	0
1693193	0
1693741	0
1694257	0
1694819	0
1695179	0
1695694	0
1696288	0
1696772	0
1697180	0
1697715	0
1698261	0
1698652	0
1699199	0
1699746	0
1700294	0
1700844	0
1701301	0
1701769	0
1702302	0
1702789	0
1703182	0
1703734	0
1704314	0
1704674	0
1705224	0
1705759	0
1706298	0
1706834	0
1707178	0
1707791	0
1708324	0
1708652	0
1709203	0
1709753	0
1710273	0
1710682	0
1711232	0
1711764	0
1712251	0
1712665	0
1713201	0
1713751	0
1714284	0
1714833	0
1715177	0
1715740	0
1716319	0
1716663	0
1717466	0
1717766	0
1718297	0
1718830	0
1719431	0
1719767	0
1720303	0
1720852	0
1721180	0
1721806	0
1722264	0
1722670	0
1723206	0
1723740	0
1724304	0
1724694	0
1725232	0
1725784	0
1726316	0
1726660	0
1727255	0
1727806	0
1728340	0
1728689	0
1729236	0
1729776	0
1730322	0
1730710	0
1731253	0
1731802	0
1732336	0
1732666	0
1733181	0
1733714	0
1734249	0
1734655	0
1735204	0
1735754	0
1736287	0
1736682	0
1737229	0
1737778	0
1738265	0
1738813	0
1739158	0
1739707	0
1740287	0
1741006	0
1741178	0
1741725	0
1742256	0
1742805	0
1743352	0
1743742	0
1744289	0
1744836	0
1745166	0
1745698	0
1746244	0
1746744	0
1747198	0
1747717	0
1748265	0
1748658	0
1749206	0
1749756	0
1750288	0
1750788	0
1751226	0
1751757	0
1752304	0
1752664	0
1753226	0
1753757	0
1754289	0
1754773	0
1755216	0
1755782	0
1756311	0
1756858	0
1757187	0
1757735	0
1758271	0
1758677	0
1759208	0
1759756	0
1760291	0
1760689	0
1761239	0
1761787	0
1762319	0
1762710	0
1763257	0
1763788	0
1764304	0
1764851	0
1765352	0
1765698	0
1766230	0
1766793	0
1767261	0
1767824	0
1768152	0
1768761	0
1769293	0
1769841	0
1770169	0
1770702	0
1771221	0
1771783	0
1772273	0
1772781	0
1773281	0
1773791	0
1774176	0
1774725	0
1775174	0
1775763	0
1776304	0
1776663	0
1777289	0
1777665	0
1778197	0
1778755	0
1779283	0
1779830	0
1780174	0
1780752	0
1781316	0
1781836	0
