TIMESTAMPms	M100GLOBALPOSITIONINTlat	M100GLOBALPOSITIONINTlon	M100VFRHUDalt
877	4.18798e+08	1.27037e+08	5.35489
1007	4.18798e+08	1.27037e+08	5.35489
1555	4.18798e+08	1.27037e+08	5.35489
1958	4.18798e+08	1.27037e+08	5.35489
2103	4.18798e+08	1.27037e+08	5.35489
2589	4.18798e+08	1.27037e+08	5.35489
2850	4.18798e+08	1.27037e+08	5.35489
2995	4.18798e+08	1.27037e+08	5.35489
3576	4.18798e+08	1.27037e+08	5.35489
3979	4.18798e+08	1.27037e+08	5.35489
4124	4.18798e+08	1.27037e+08	5.35489
4469	4.18798e+08	1.27037e+08	5.35489
4871	4.18798e+08	1.27037e+08	5.35489
5000	4.18798e+08	1.27037e+08	5.35489
5548	4.18798e+08	1.27037e+08	5.35489
5952	4.18798e+08	1.27037e+08	5.35489
6097	4.18798e+08	1.27037e+08	5.35489
6645	4.18798e+08	1.27037e+08	5.35489
6906	4.18798e+08	1.27037e+08	5.35489
7037	4.18798e+08	1.27037e+08	5.35489
7573	4.18798e+08	1.27037e+08	5.35489
7961	4.18798e+08	1.27037e+08	5.35489
8122	4.18798e+08	1.27037e+08	5.35489
8466	4.18798e+08	1.27037e+08	5.35489
8918	4.1881e+08	1.27027e+08	5.35489
8987	4.1881e+08	1.27027e+08	20.2723
9539	4.1881e+08	1.27027e+08	22.4614
9987	4.18809e+08	1.27028e+08	22.4614
10086	4.18809e+08	1.27028e+08	21.9704
10479	4.18809e+08	1.27028e+08	21.1803
10884	4.18808e+08	1.27028e+08	21.1803
11015	4.18808e+08	1.27028e+08	20.0775
11565	4.18808e+08	1.27028e+08	19.2836
12191	4.18808e+08	1.27028e+08	18.9722
12249	4.18808e+08	1.27029e+08	18.9722
12504	4.18808e+08	1.27029e+08	18.1395
12907	4.18807e+08	1.27029e+08	18.1395
13053	4.18807e+08	1.27029e+08	16.687
13588	4.18807e+08	1.27029e+08	16.4357
13992	4.18807e+08	1.27029e+08	16.4357
14137	4.18807e+08	1.27029e+08	16.4357
14485	4.18807e+08	1.27029e+08	16.4357
14936	4.18807e+08	1.27029e+08	16.4357
15067	4.18807e+08	1.27029e+08	16.4357
15605	4.18807e+08	1.27029e+08	16.4357
16024	4.18807e+08	1.27029e+08	16.4357
16156	4.18807e+08	1.27029e+08	16.4357
16594	4.18807e+08	1.27029e+08	16.4357
16859	4.18807e+08	1.27029e+08	16.4357
17004	4.18807e+08	1.27029e+08	16.4357
17553	4.18807e+08	1.27029e+08	16.4357
17943	4.18807e+08	1.27029e+08	16.4357
18092	4.18807e+08	1.27029e+08	16.4357
18643	4.18807e+08	1.27029e+08	14.7912
18890	4.18803e+08	1.27032e+08	14.7912
18973	4.18803e+08	1.27032e+08	9.79487
19570	4.18803e+08	1.27032e+08	9.79487
19961	4.18803e+08	1.27032e+08	9.79487
20107	4.18803e+08	1.27032e+08	9.79487
20640	4.18803e+08	1.27032e+08	9.79487
20904	4.18803e+08	1.27032e+08	9.79487
20989	4.18803e+08	1.27032e+08	9.79487
21554	4.18803e+08	1.27032e+08	9.79487
21987	4.18803e+08	1.27032e+08	9.79487
22087	4.18803e+08	1.27032e+08	9.79487
22621	4.18803e+08	1.27032e+08	9.79487
22883	4.18803e+08	1.27032e+08	9.79487
23030	4.18803e+08	1.27032e+08	9.79487
23675	4.18803e+08	1.27032e+08	9.79487
24015	4.18803e+08	1.27032e+08	9.79487
24098	4.18803e+08	1.27032e+08	9.79487
24491	4.18803e+08	1.27032e+08	9.79487
24909	4.18803e+08	1.27032e+08	9.79487
25040	4.18803e+08	1.27032e+08	9.79487
25574	4.18803e+08	1.27032e+08	9.79487
25993	4.18803e+08	1.27032e+08	9.79487
26122	4.18803e+08	1.27032e+08	9.79487
26484	4.18803e+08	1.27032e+08	9.79487
27111	4.18803e+08	1.27032e+08	9.79487
27168	4.18803e+08	1.27032e+08	9.79487
27657	4.18803e+08	1.27032e+08	9.79487
27966	4.18803e+08	1.27032e+08	9.79487
28114	4.18803e+08	1.27032e+08	9.79487
28652	4.18803e+08	1.27032e+08	9.79487
29056	4.18803e+08	1.27032e+08	9.79487
29203	4.18803e+08	1.27032e+08	9.79487
29736	4.18803e+08	1.27032e+08	9.79487
29937	4.18803e+08	1.27032e+08	9.79487
30069	4.18803e+08	1.27032e+08	9.79487
30637	4.18803e+08	1.27032e+08	9.79487
31011	4.18803e+08	1.27032e+08	9.79487
31174	4.18803e+08	1.27032e+08	9.79487
31742	4.18803e+08	1.27032e+08	9.79487
31944	4.18803e+08	1.27032e+08	9.79487
32107	4.18803e+08	1.27032e+08	9.79487
32598	4.18803e+08	1.27032e+08	9.79487
33008	4.18803e+08	1.27032e+08	9.79487
33154	4.18803e+08	1.27032e+08	9.79487
33690	4.18803e+08	1.27032e+08	9.79487
33952	4.18803e+08	1.27032e+08	9.79487
34242	4.18803e+08	1.27032e+08	9.79487
34572	4.18803e+08	1.27032e+08	9.79487
35023	4.18803e+08	1.27032e+08	9.79487
35107	4.18803e+08	1.27032e+08	9.79487
35597	4.18803e+08	1.27032e+08	9.79487
36050	4.18803e+08	1.27032e+08	9.79487
36118	4.18803e+08	1.27032e+08	9.79487
36150	4.18803e+08	1.27032e+08	9.79487
36563	4.18803e+08	1.27032e+08	9.79487
37070	4.18803e+08	1.27032e+08	9.79487
37623	4.18803e+08	1.27032e+08	9.79487
38176	4.18803e+08	1.27032e+08	9.79487
39191	4.18803e+08	1.27032e+08	9.79487
39588	4.18803e+08	1.27032e+08	9.79487
39991	4.18803e+08	1.27032e+08	9.79487
40124	4.18803e+08	1.27032e+08	9.79487
40659	4.18803e+08	1.27032e+08	9.79487
41081	4.18803e+08	1.27032e+08	9.79487
41213	4.18803e+08	1.27032e+08	9.79487
41717	4.18803e+08	1.27032e+08	9.79487
42122	4.18803e+08	1.27032e+08	9.79487
42255	4.18803e+08	1.27032e+08	9.79487
42601	4.18803e+08	1.27032e+08	9.79487
43006	4.18803e+08	1.27032e+08	9.79487
43136	4.18803e+08	1.27032e+08	9.79487
43688	4.18803e+08	1.27032e+08	9.79487
44086	4.18803e+08	1.27032e+08	9.79487
44144	4.18803e+08	1.27032e+08	9.79487
44703	4.18803e+08	1.27032e+08	9.79487
44966	4.18803e+08	1.27032e+08	9.79487
45193	4.18803e+08	1.27032e+08	9.79487
45635	4.18803e+08	1.27032e+08	9.79487
46039	4.18816e+08	1.27023e+08	9.79487
46173	4.18816e+08	1.27023e+08	11.1625
46722	4.18816e+08	1.27023e+08	24.3822
46985	4.18816e+08	1.27024e+08	24.3822
47271	4.18816e+08	1.27024e+08	25.4581
47599	4.18816e+08	1.27024e+08	24.8604
48050	4.18815e+08	1.27024e+08	24.8604
48149	4.18815e+08	1.27024e+08	24.2907
48697	4.18815e+08	1.27024e+08	23.6984
48959	4.18814e+08	1.27025e+08	23.6984
49088	4.18814e+08	1.27025e+08	22.9359
49624	4.18814e+08	1.27025e+08	22.3383
50079	4.18814e+08	1.27025e+08	22.3383
50163	4.18814e+08	1.27025e+08	21.876
50713	4.18814e+08	1.27025e+08	21.1324
50973	4.18813e+08	1.27026e+08	21.1324
51103	4.18813e+08	1.27026e+08	20.5821
51653	4.18813e+08	1.27026e+08	20.0226
52055	4.18812e+08	1.27026e+08	20.0226
52200	4.18812e+08	1.27026e+08	19.4819
52747	4.18812e+08	1.27026e+08	19.2961
52992	4.18812e+08	1.27026e+08	19.2961
53138	4.18812e+08	1.27026e+08	19.2961
53623	4.18812e+08	1.27026e+08	19.2961
54041	4.18812e+08	1.27026e+08	19.2961
54170	4.18812e+08	1.27026e+08	19.2961
54719	4.18812e+08	1.27026e+08	19.2961
55126	4.18812e+08	1.27026e+08	19.2961
55255	4.18812e+08	1.27026e+08	19.2961
55619	4.18812e+08	1.27026e+08	19.2961
56006	4.18812e+08	1.27026e+08	19.2961
56151	4.18812e+08	1.27026e+08	19.2961
56701	4.18812e+08	1.27026e+08	19.2961
57105	4.18812e+08	1.27026e+08	19.2961
57252	4.18812e+08	1.27026e+08	19.2961
57628	4.18812e+08	1.27026e+08	19.2961
58017	4.1881e+08	1.27029e+08	19.2961
58163	4.1881e+08	1.27029e+08	19.2961
58713	4.1881e+08	1.27029e+08	15.1351
58960	4.18809e+08	1.27029e+08	15.1351
59261	4.18809e+08	1.27029e+08	14.33
59606	4.18809e+08	1.27029e+08	12.2766
60043	4.18808e+08	1.2703e+08	12.2766
60142	4.18808e+08	1.2703e+08	9.95932
60643	4.18808e+08	1.2703e+08	9.95932
61096	4.18806e+08	1.27031e+08	9.95932
61179	4.18806e+08	1.27031e+08	9.95932
61684	4.18806e+08	1.27031e+08	7.02469
61961	4.18804e+08	1.27033e+08	7.02469
62091	4.18804e+08	1.27033e+08	5.18591
62622	4.18804e+08	1.27033e+08	4.52729
63039	4.18803e+08	1.27033e+08	4.52729
63169	4.18803e+08	1.27033e+08	3.96287
63704	4.18803e+08	1.27033e+08	3.44109
63984	4.18803e+08	1.27034e+08	3.44109
64100	4.18803e+08	1.27034e+08	3.20658
64638	4.18803e+08	1.27034e+08	3.20658
65057	4.18803e+08	1.27034e+08	3.20658
65186	4.18803e+08	1.27034e+08	3.20658
65739	4.18803e+08	1.27034e+08	3.20658
66088	4.18803e+08	1.27034e+08	3.20658
66146	4.18803e+08	1.27034e+08	3.20658
66621	4.18803e+08	1.27034e+08	3.20658
67071	4.18803e+08	1.27034e+08	3.20658
67203	4.18803e+08	1.27034e+08	3.20658
67750	4.18803e+08	1.27034e+08	3.20658
67964	4.18803e+08	1.27034e+08	3.20658
68126	4.18803e+08	1.27034e+08	3.20658
68658	4.18803e+08	1.27034e+08	3.20658
69044	4.18803e+08	1.27034e+08	3.20658
69144	4.18803e+08	1.27034e+08	3.20658
69191	4.18803e+08	1.27034e+08	3.20658
69740	4.18803e+08	1.27034e+08	3.20658
70114	4.18803e+08	1.27034e+08	3.20658
70667	4.18803e+08	1.27034e+08	3.20658
71054	4.18803e+08	1.27034e+08	3.20658
71218	4.18803e+08	1.27034e+08	3.20658
71754	4.18803e+08	1.27034e+08	3.20658
72017	4.18803e+08	1.27034e+08	3.20658
72086	4.18803e+08	1.27034e+08	3.20658
72640	4.18803e+08	1.27034e+08	3.20658
73097	4.18803e+08	1.27034e+08	3.20658
73181	4.18803e+08	1.27034e+08	3.20658
73736	4.18803e+08	1.27034e+08	3.20658
73984	4.18799e+08	1.27035e+08	3.20658
74129	4.18799e+08	1.27035e+08	-0.621924
74646	4.18799e+08	1.27035e+08	-3.68966
75097	4.18799e+08	1.27035e+08	-3.68966
75199	4.18799e+08	1.27035e+08	-4.16503
75606	4.18799e+08	1.27035e+08	-4.31659
76026	4.18799e+08	1.27035e+08	-4.31659
76141	4.18799e+08	1.27035e+08	-4.42611
76692	4.18799e+08	1.27035e+08	-4.52782
77096	4.18799e+08	1.27035e+08	-4.52782
77227	4.18799e+08	1.27035e+08	-4.66307
77761	4.18799e+08	1.27035e+08	-4.78804
77977	4.18799e+08	1.27035e+08	-4.78804
78124	4.18799e+08	1.27035e+08	-4.91068
78704	4.18799e+08	1.27035e+08	-5.03991
79105	4.18799e+08	1.27035e+08	-5.03991
79269	4.18799e+08	1.27035e+08	-5.17446
79614	4.18799e+08	1.27035e+08	-5.29372
79986	4.18799e+08	1.27035e+08	-5.29372
80148	4.18799e+08	1.27035e+08	-5.44521
80686	4.18799e+08	1.27035e+08	-5.57518
81075	4.18799e+08	1.27035e+08	-5.57518
81236	4.18799e+08	1.27035e+08	-5.65333
81772	4.18799e+08	1.27035e+08	-5.74073
82034	4.18799e+08	1.27035e+08	-5.74073
82163	4.18799e+08	1.27035e+08	-5.84676
82713	4.18799e+08	1.27035e+08	-5.93845
83099	4.18799e+08	1.27035e+08	-5.93845
83260	4.18799e+08	1.27035e+08	-6.02139
83840	4.18799e+08	1.27035e+08	-6.12889
84054	4.18799e+08	1.27035e+08	-6.12889
84121	4.18799e+08	1.27035e+08	-6.24088
84674	4.18799e+08	1.27035e+08	-6.32796
85143	4.18799e+08	1.27035e+08	-6.32796
85210	4.18799e+08	1.27035e+08	-6.40337
85604	4.18799e+08	1.27035e+08	-6.49751
86069	4.18799e+08	1.27035e+08	-6.49751
86152	4.18799e+08	1.27035e+08	-6.56117
86684	4.18799e+08	1.27035e+08	-6.62281
87151	4.18799e+08	1.27035e+08	-6.62281
87236	4.18799e+08	1.27035e+08	-6.72039
87645	4.18799e+08	1.27035e+08	-6.81464
88097	4.18799e+08	1.27035e+08	-6.81464
88228	4.18799e+08	1.27035e+08	-6.88747
88606	4.18799e+08	1.27035e+08	-7.01771
89008	4.18799e+08	1.27035e+08	-7.01771
89168	4.18799e+08	1.27035e+08	-7.10794
89701	4.18799e+08	1.27035e+08	-7.17609
90105	4.18799e+08	1.27035e+08	-7.17609
90234	4.18799e+08	1.27035e+08	-7.24364
90784	4.18799e+08	1.27035e+08	-7.27752
90983	4.18799e+08	1.27035e+08	-7.27752
91128	4.18799e+08	1.27035e+08	-7.28853
91678	4.18799e+08	1.27035e+08	-7.29178
92115	4.18799e+08	1.27035e+08	-7.29178
92291	4.18799e+08	1.27035e+08	-7.28337
92604	4.18799e+08	1.27035e+08	-7.30085
93006	4.18799e+08	1.27035e+08	-7.30085
93151	4.18799e+08	1.27035e+08	-7.31513
93683	4.18799e+08	1.27035e+08	-7.31842
94184	4.18799e+08	1.27035e+08	-7.31842
95894	4.18799e+08	1.27035e+08	-7.32863
95999	4.18799e+08	1.27035e+08	-7.32863
96225	4.18799e+08	1.27035e+08	-7.33308
96601	4.18799e+08	1.27035e+08	-7.33694
97151	4.18799e+08	1.27035e+08	-7.3588
97183	4.18799e+08	1.27035e+08	-7.3588
98077	4.18799e+08	1.27035e+08	-7.01351
98702	4.18799e+08	1.27035e+08	-6.79749
99104	4.18799e+08	1.27035e+08	-6.79749
99265	4.18799e+08	1.27035e+08	-6.64828
99641	4.18799e+08	1.27035e+08	-6.50919
100046	4.18799e+08	1.27035e+08	-6.50919
100146	4.18799e+08	1.27035e+08	-6.50919
100176	4.18799e+08	1.27035e+08	-6.38478
101671	4.18799e+08	1.27035e+08	-6.13904
102045	4.18799e+08	1.27035e+08	-6.13904
102174	4.18799e+08	1.27035e+08	-6.07037
102722	4.18799e+08	1.27035e+08	-5.97868
103113	4.18799e+08	1.27035e+08	-5.91994
103124	4.18799e+08	1.27035e+08	-5.91994
103660	4.18799e+08	1.27035e+08	-6.01872
104047	4.18799e+08	1.27035e+08	-6.01872
104192	4.18799e+08	1.27035e+08	-6.20604
104599	4.18799e+08	1.27035e+08	-6.39692
104986	4.18799e+08	1.27035e+08	-6.39692
105131	4.18799e+08	1.27035e+08	-6.56733
105693	4.18799e+08	1.27035e+08	-6.6508
106064	4.18799e+08	1.27035e+08	-6.6508
106225	4.18799e+08	1.27035e+08	-6.56511
106773	4.18799e+08	1.27035e+08	-6.40978
107018	4.18799e+08	1.27035e+08	-6.40978
107101	4.18799e+08	1.27035e+08	-6.30252
107745	4.18799e+08	1.27035e+08	-6.1907
109111	4.18799e+08	1.27035e+08	-5.828
